0 1
2 3
4 5
4 6
4 7
4 8
5 6
5 7
5 8
6 7
6 8
7 8
10 11
10 12
10 13
11 12
11 13
12 13
14 15
14 9
15 9
16 17
16 18
17 18
19 5
20 21
22 23
25 26
25 27
25 28
25 10
26 27
26 28
26 10
27 28
27 10
28 10
29 30
29 31
29 3
30 31
30 3
31 3
32 33
32 34
32 35
32 36
32 37
32 38
32 39
33 34
33 35
33 36
33 37
33 38
33 39
34 35
34 36
34 37
34 38
34 39
35 36
35 37
35 38
35 39
36 37
36 38
36 39
37 38
37 39
38 39
40 41
40 42
40 3
41 42
41 3
42 3
43 4
43 5
4 5
44 45
46 47
48 49
48 50
48 51
48 52
49 50
49 51
49 52
50 51
50 52
51 52
53 54
53 55
54 55
56 57
56 58
56 59
56 60
57 58
57 59
57 60
58 59
58 60
59 60
32 61
32 62
32 63
32 64
32 65
61 62
61 63
61 64
61 65
62 63
62 64
62 65
63 64
63 65
64 65
42 66
42 67
42 68
42 69
42 70
42 71
42 72
42 5
66 67
66 68
66 69
66 70
66 71
66 72
66 5
67 68
67 69
67 70
67 71
67 72
67 5
68 69
68 70
68 71
68 72
68 5
69 70
69 71
69 72
69 5
70 71
70 72
70 5
71 72
71 5
72 5
73 74
73 75
73 76
74 75
74 76
75 76
6 5
6 4
5 4
77 78
77 79
78 79
80 81
80 82
80 83
80 84
81 82
81 83
81 84
82 83
82 84
83 84
15 9
15 59
9 59
85 86
85 87
85 52
86 87
86 52
87 52
88 89
88 90
88 91
89 90
89 91
90 91
92 93
92 94
92 23
92 18
93 94
93 23
93 18
94 23
94 18
23 18
95 96
95 97
95 98
95 99
96 97
96 98
96 99
97 98
97 99
98 99
100 101
100 102
101 102
103 104
103 102
104 102
105 106
105 107
105 108
105 109
105 110
105 111
105 112
106 107
106 108
106 109
106 110
106 111
106 112
107 108
107 109
107 110
107 111
107 112
108 109
108 110
108 111
108 112
109 110
109 111
109 112
110 111
110 112
111 112
79 113
79 114
79 115
79 116
113 114
113 115
113 116
114 115
114 116
115 116
117 118
117 119
117 120
117 121
117 43
118 119
118 120
118 121
118 43
119 120
119 121
119 43
120 121
120 43
121 43
122 123
24 124
73 74
73 125
73 126
73 127
74 125
74 126
74 127
125 126
125 127
126 127
129 130
131 132
131 133
132 133
84 134
135 3
135 136
3 136
137 138
139 140
139 141
139 142
139 143
139 144
140 141
140 142
140 143
140 144
141 142
141 143
141 144
142 143
142 144
143 144
41 145
41 146
41 147
41 148
41 149
41 3
145 146
145 147
145 148
145 149
145 3
146 147
146 148
146 149
146 3
147 148
147 149
147 3
148 149
148 3
149 3
150 151
150 60
150 57
150 152
151 60
151 57
151 152
60 57
60 152
57 152
153 154
155 156
155 157
156 157
153 158
153 159
153 154
158 159
158 154
159 154
160 161
160 162
160 163
160 59
160 164
161 162
161 163
161 59
161 164
162 163
162 59
162 164
163 59
163 164
59 164
165 166
165 167
166 167
168 169
168 170
168 59
169 170
169 59
170 59
171 172
173 174
173 175
173 176
173 157
174 175
174 176
174 157
175 176
175 157
176 157
177 178
179 180
181 182
181 183
181 184
182 183
182 184
183 184
186 187
186 188
186 91
187 188
187 91
188 91
189 190
189 191
189 192
190 191
190 192
191 192
194 195
194 196
195 196
197 198
197 199
197 200
198 199
198 200
199 200
201 202
203 204
203 205
203 206
204 205
204 206
205 206
207 3
208 209
208 210
208 211
209 210
209 211
210 211
212 213
212 214
213 214
215 216
215 129
215 217
216 129
216 217
129 217
218 219
218 220
218 221
218 222
219 220
219 221
219 222
220 221
220 222
221 222
223 224
223 225
223 184
223 226
224 225
224 184
224 226
225 184
225 226
184 226
227 228
227 229
228 229
230 231
230 232
231 232
233 234
233 101
234 101
235 236
235 237
235 238
235 239
236 237
236 238
236 239
237 238
237 239
238 239
240 79
241 242
241 243
242 243
244 198
244 245
244 199
198 245
198 199
245 199
246 247
248 249
248 250
249 250
252 253
252 254
252 255
253 254
253 255
254 255
256 131
56 58
56 57
56 59
56 60
58 57
58 59
58 60
57 59
57 60
59 60
257 258
257 259
257 260
257 43
258 259
258 260
258 43
259 260
259 43
260 43
261 262
261 263
261 264
262 263
262 264
263 264
176 265
176 266
176 157
265 266
265 157
266 157
267 28
267 268
28 268
269 270
269 271
269 272
270 271
270 272
271 272
128 172
128 9
172 9
73 74
73 273
73 274
73 275
74 273
74 274
74 275
273 274
273 275
274 275
117 276
117 188
117 277
117 278
276 188
276 277
276 278
188 277
188 278
277 278
279 169
279 160
279 280
279 281
279 59
279 168
169 160
169 280
169 281
169 59
169 168
160 280
160 281
160 59
160 168
280 281
280 59
280 168
281 59
281 168
59 168
282 283
282 284
282 285
282 286
282 287
283 284
283 285
283 286
283 287
284 285
284 286
284 287
285 286
285 287
286 287
288 289
288 290
288 291
289 290
289 291
290 291
292 293
294 295
296 297
296 298
296 299
296 300
296 301
297 298
297 299
297 300
297 301
298 299
298 300
298 301
299 300
299 301
300 301
212 213
163 302
163 303
163 304
163 305
302 303
302 304
302 305
303 304
303 305
304 305
12 10
12 306
10 306
307 308
307 309
307 254
307 310
308 309
308 254
308 310
309 254
309 310
254 310
218 311
312 313
312 314
312 315
312 316
312 317
312 318
313 314
313 315
313 316
313 317
313 318
314 315
314 316
314 317
314 318
315 316
315 317
315 318
316 317
316 318
317 318
319 320
319 76
320 76
321 224
321 322
321 323
321 226
224 322
224 323
224 226
322 323
322 226
323 226
324 291
325 181
325 183
181 183
326 327
326 328
326 329
327 328
327 329
328 329
330 331
330 178
331 178
332 166
332 333
332 165
332 334
332 167
166 333
166 165
166 334
166 167
333 165
333 334
333 167
165 334
165 167
334 167
335 336
335 337
336 337
338 339
338 340
338 213
339 340
339 213
340 213
341 342
341 343
341 344
341 345
341 346
341 347
342 343
342 344
342 345
342 346
342 347
343 344
343 345
343 346
343 347
344 345
344 346
344 347
345 346
345 347
346 347
348 349
348 350
349 350
167 351
167 166
351 166
348 352
348 350
352 350
353 354
353 355
353 356
353 357
354 355
354 356
354 357
355 356
355 357
356 357
358 359
360 347
361 362
361 363
361 364
361 365
361 366
361 367
362 363
362 364
362 365
362 366
362 367
363 364
363 365
363 366
363 367
364 365
364 366
364 367
365 366
365 367
366 367
368 252
368 369
368 370
368 254
368 371
368 372
368 373
252 369
252 370
252 254
252 371
252 372
252 373
369 370
369 254
369 371
369 372
369 373
370 254
370 371
370 372
370 373
254 371
254 372
254 373
371 372
371 373
372 373
374 375
374 376
374 377
375 376
375 377
376 377
378 379
378 380
378 381
378 382
378 383
378 384
378 272
378 385
379 380
379 381
379 382
379 383
379 384
379 272
379 385
380 381
380 382
380 383
380 384
380 272
380 385
381 382
381 383
381 384
381 272
381 385
382 383
382 384
382 272
382 385
383 384
383 272
383 385
384 272
384 385
272 385
386 387
388 389
388 218
389 218
390 391
390 392
390 393
390 394
390 395
391 392
391 393
391 394
391 395
392 393
392 394
392 395
393 394
393 395
394 395
396 397
398 399
398 400
398 401
399 400
399 401
400 401
402 403
402 370
402 254
402 404
403 370
403 254
403 404
370 254
370 404
254 404
405 207
405 131
207 131
406 407
406 28
406 125
406 408
406 198
407 28
407 125
407 408
407 198
28 125
28 408
28 198
125 408
125 198
408 198
409 410
409 411
409 412
410 411
410 412
411 412
413 414
413 415
414 415
416 417
416 418
416 419
416 420
416 421
416 322
416 422
416 423
416 424
417 418
417 419
417 420
417 421
417 322
417 422
417 423
417 424
418 419
418 420
418 421
418 322
418 422
418 423
418 424
419 420
419 421
419 322
419 422
419 423
419 424
420 421
420 322
420 422
420 423
420 424
421 322
421 422
421 423
421 424
322 422
322 423
322 424
422 423
422 424
423 424
